1
2
3
4
4
5
6
7
8
9
10
10
10
10
11
12
12
12
13
14
15
16
17
18
19
20
21
21
22
23
24
25
26
27
28
29
30
31
32
33
34
34
35
35
36
37
38
39
40
41
42
42
43
44
45
45
45
46
47
48
49
50
50
51
52
52
52
53
54
55
56
57
58
59
60
61
62
63
64
65
66
66
67
68
68
69
70
70
71
72
72
73
74
74
75
76
77
78
79
79
80
81
82
83
83
84
84
85
86
87
88
89
89
90
90
90
91
92
93
94
95
96
97
98
98
98
98
99
100
100
100
100
101
102
103
103
104
105
105
105
106
106
107
107
107
108
109
110
110
111
112
112
112
112
113
114
115
116
117
117
118
119
120
120
120
121
121
122
123
123
123
124
125
126
127
128
129
129
130
131
131
132
133
134
134
135
136
137
138
139
140
141
142
142
143
144
145
146
147
148
149
149
149
150
151
151
152
153
154
155
155
155
155
155
156
157
158
159
159
159
160
160
161
161
161
162
162
162
163
164
164
165
166
167
168
169
170
170
171
172
173
174
175
176
177
178
179
180
181
182
183
184
184
185
185
186
187
187
187
187
188
188
188
189
190
191
191
191
192
192
193
194
194
194
194
194
195
196
196
197
198
199
200
200
200
201
201
201
202
203
204
205
206
207
207
208
208
209
210
211
212
213
214
215
215
216
216
217
218
219
220
221
221
222
223
224
224
225
225
226
226
226
226
226
226
227
227
228
229
230
231
232
233
234
235
235
236
236
236
237
237
238
238
239
239
240
240
241
242
243
244
245
245
246
246
247
247
247
247
247
248
249
249
250
250
251
252
253
253
254
254
255
256
257
257
258
259
259
259
260
260
261
262
262
263
264
265
266
267
267
267
267
268
268
269
270
270
271
272
273
274
275
276
277
278
279
280
281
282
283
283
284
285
286
286
286
287
287
288
288
289
289
289
290
291
291
292
293
294
295
296
296
297
298
299
300
301
302
303
304
304
305
306
306
307
308
308
309
310
310
311
312
312
313
313
313
313
313
313
314
315
315
316
317
318
319
320
321
321
322
322
322
323
323
324
324
324
325
326
326
327
327
328
329
330
330
330
331
331
332
333
334
334
334
335
335
335
335
336
336
336
337
338
339
339
339
340
341
342
342
343
344
345
345
346
346
346
346
346
346
347
348
349
349
350
351
352
353
354
354
354
355
356
356
356
357
357
358
359
360
360
360
360
361
362
362
363
364
364
365
365
366
367
368
369
370
371
372
373
374
374
374
374
375
375
375
376
377
378
378
378
379
380
381
382
382
383
383
384
385
385
386
386
387
388
388
389
389
389
389
390
391
391
392
393
394
395
395
395
396
396
397
398
399
400
401
401
402
403
403
403
403
403
404
404
405
406
407
408
409
409
410
410
410
411
411
412
413
414
414
414
414
415
415
415
415
416
416
416
416
416
417
418
418
419
419
419
420
420
421
421
421
421
422
423
424
425
425
425
425
425
425
425
426
426
427
428
428
429
430
431
432
433
434
434
434
434
435
436
437
438
439
440
440
440
441
442
442
442
442
443
443
444
445
446
446
447
447
448
449
450
450
450
450
450
450
451
452
452
452
452
453
454
455
456
456
456
456
457
457
457
458
459
460
461
462
463
463
463
463
464
464
465
466
467
468
469
469
470
471
471
472
473
474
474
475
475
475
475
475
476
477
478
479
479
480
480
481
482
482
482
483
484
484
485
486
487
488
489
490
490
491
492
493
493
494
495
495
496
497
497
497
498
499
499
500
500
501
502
503
503
503
504
505
505
506
507
507
508
509
510
510
510
510
511
512
512
513
514
515
516
517
517
518
519
520
521
521
521
522
523
524
525
526
527
528
529
529
529
530
531
532
533
533
534
535
536
536
537
538
538
538
538
539
540
541
542
542
543
544
545
546
546
547
547
547
548
548
548
549
549
550
551
552
552
553
553
554
555
555
556
557
557
558
559
559
560
561
562
563
564
565
565
566
567
567
568
568
569
569
570
570
571
572
572
573
573
574
574
575
575
575
576
576
577
577
577
577
578
579
580
581
582
582
582
583
583
583
584
584
585
586
587
587
588
589
590
591
592
593
594
595
595
596
597
597
598
599
600
601
601
602
602
603
604
605
606
606
607
608
609
609
609
610
611
612
613
613
613
613
613
613
613
613
614
615
616
616
617
617
618
618
618
618
618
619
620
620
620
621
622
623
624
624
624
625
626
626
627
628
628
629
630
631
631
631
632
633
634
635
636
637
637
638
639
640
641
641
642
642
643
643
643
644
645
645
646
647
648
648
649
650
651
651
651
652
653
653
653
654
655
655
655
656
657
658
659
659
659
659
660
661
662
662
663
664
664
664
664
665
665
665
666
667
668
668
669
669
669
670
670
671
672
673
673
673
673
673
674
674
675
675
675
676
676
677
677
677
677
678
678
679
679
680
681
681
681
682
683
684
684
684
685
685
685
686
687
688
688
688
688
688
688
688
689
689
690
690
691
691
692
692
692
692
692
693
693
694
694
695
696
697
697
697
698
699
700
701
702
702
702
702
703
704
704
705
706
706
707
708
708
709
709
709
709
710
711
711
711
712
713
714
715
716
717
718
719
719
719
719
720
720
720
720
720
720
721
721
722
722
722
722
722
723
724
725
726
726
727
727
727
727
728
729
729
730
730
730
730
731
731
731
731
731
732
733
734
735
736
736
737
737
738
738
738
738
739
740
740
740
740
741
742
743
744
745
745
746
746
746
746
747
748
749
749
749
749
749
750
751
752
753
754
755
755
756
757
758
758
759
760
760
760
760
760
761
762
762
763
764
764
764
765
765
765
766
766
767
767
768
769
769
770
771
772
773
773
773
773
773
773
774
775
775
776
776
776
777
778
779
779
780
780
780
781
782
783
784
784
785
785
785
785
786
786
786
786
787
787
788
788
789
789
789
790
791
791
792
793
794
795
796
797
798
798
798
799
799
799
800
801
802
802
802
803
804
804
805
805
805
805
806
806
807
807
807
808
809
809
810
810
811
812
813
813
813
813
813
813
813
813
814
815
815
815
815
815
816
817
818
818
818
818
819
819
820
820
821
821
822
822
822
822
822
823
823
824
825
826
827
827
827
827
828
829
830
831
832
832
833
834
835
836
837
838
839
839
839
839
840
840
840
841
842
842
842
842
842
842
842
842
842
843
843
843
843
844
845
846
847
847
847
847
848
849
850
851
852
853
854
854
854
854
855
856
857
857
857
858
859
860
860
861
862
863
864
864
864
864
864
865
865
866
867
868
868
868
869
869
870
870
870
871
872
872
873
873
874
874
874
875
876
877
878
879
879
880
881
882
882
882
882
882
882
882
883
883
883
883
884
884
884
885
886
886
887
888
889
890
890
890
890
890
891
891
891
891
891
892
893
894
894
894
895
895
895
896
897
898
899
900
901
901
901
902
903
904
905
906
907
908
908
909
910
910
910
911
912
912
913
914
915
915
916
916
916
917
917
917
918
918
919
919
919
919
920
921
921
921
921
921
922
922
922
923
924
924
925
926
927
928
928
928
929
929
929
929
929
930
930
931
932
933
933
934
934
934
935
936
937
937
937
937
937
938
939
940
940
940
940
941
942
943
944
944
944
945
945
946
946
946
947
947
947
948
948
948
949
949
949
950
950
950
951
951
952
953
953
953
953
953
954
954
954
955
955
955
955
955
955
956
956
956
956
956
957
957
957
957
958
959
960
960
960
960
960
960
960
961
961
961
962
963
963
964
964
964
965
966
966
966
966
966
967
967
967
968
968
968
968
969
969
969
969
970
971
971
972
972
972
973
973
973
973
974
974
974
974
975
976
976
976
976
976
976
976
976
976
976
976
976
977
978
978
978
979
979
979
979
979
979
980
980
980
980
980
980
981
981
981
981
981
982
982
982
982
983
983
983
983
983
983
983
983
983
983
984
985
985
985
985
985
