1
1
2
3
4
5
6
7
8
9
9
10
11
12
13
13
14
15
15
16
16
17
18
19
20
21
22
23
23
24
25
25
26
27
28
29
30
31
31
32
33
34
35
35
36
36
36
37
38
39
40
41
42
43
44
45
45
46
47
47
47
48
49
49
50
50
50
51
52
53
54
55
56
57
58
58
58
58
58
58
59
60
61
62
63
64
65
65
66
67
67
67
68
69
69
69
70
71
72
72
73
73
74
75
76
77
78
79
79
80
81
82
83
84
85
86
87
88
89
90
90
91
92
92
93
94
95
95
96
97
97
98
98
99
100
101
102
102
102
103
103
104
104
104
105
106
106
106
107
107
108
109
110
111
111
112
113
114
114
115
116
116
116
117
117
118
119
119
120
120
121
121
121
121
122
122
123
124
124
124
125
126
127
127
128
129
130
131
132
132
132
132
132
133
134
134
134
135
136
136
137
138
139
139
140
141
141
141
142
143
144
144
145
146
146
146
147
148
149
150
151
151
151
151
152
152
153
154
155
156
156
156
157
157
158
158
159
159
159
160
161
162
162
162
163
163
164
164
165
165
166
166
167
168
169
169
169
170
171
171
171
171
172
173
173
174
175
176
176
177
177
178
179
180
181
181
181
181
182
183
184
184
185
186
187
187
188
189
189
189
190
191
192
193
194
194
195
195
196
197
197
197
198
199
200
200
200
201
202
203
204
205
206
207
208
208
208
208
208
209
209
210
211
211
212
212
212
213
214
215
216
217
218
219
220
221
222
222
223
224
225
226
227
227
227
228
229
229
230
230
231
231
231
232
233
233
234
235
236
237
237
238
238
238
239
240
240
241
242
243
244
245
246
247
247
247
248
249
250
251
252
253
254
255
256
256
257
258
259
260
261
262
263
264
265
266
266
267
267
267
268
269
270
271
271
272
272
272
273
274
274
274
275
275
276
277
278
278
278
279
280
280
281
282
283
284
285
285
285
285
285
285
286
287
288
289
290
290
291
292
292
292
293
294
295
295
295
296
296
296
297
298
299
299
300
300
301
302
303
303
304
305
306
306
307
308
309
310
310
311
312
313
314
314
315
315
316
317
318
319
320
321
322
323
323
323
324
325
326
326
327
328
329
329
330
331
331
331
332
333
333
333
334
334
334
335
335
336
337
337
338
338
339
339
340
340
340
340
341
342
343
344
345
346
347
348
349
350
351
352
353
354
354
355
356
357
357
357
358
359
360
360
360
361
362
363
363
364
365
366
367
367
368
369
370
370
370
371
371
371
371
372
373
374
375
376
376
377
377
377
378
379
380
381
382
383
383
383
383
383
384
385
386
387
388
389
390
390
390
390
391
392
392
393
394
395
395
396
397
398
398
399
399
400
401
402
403
403
403
404
404
405
405
406
407
408
408
409
410
411
411
412
413
414
414
414
415
416
417
417
417
418
418
419
420
421
422
422
423
424
424
425
425
425
426
427
428
429
430
431
432
433
433
433
434
435
436
437
438
439
440
441
442
443
444
444
445
445
446
446
447
448
449
450
451
452
453
453
454
454
454
455
455
456
457
457
458
459
460
461
461
461
462
463
464
465
466
466
467
468
469
469
469
470
470
470
470
471
471
471
472
472
473
474
475
476
477
477
478
479
480
481
482
482
482
483
483
484
485
486
487
488
488
489
490
490
491
491
492
493
494
494
495
496
497
497
498
498
499
500
501
502
503
503
504
505
506
507
508
509
510
511
512
512
513
514
514
514
514
514
514
514
515
516
517
518
519
519
519
520
520
521
522
522
522
522
522
522
523
523
523
523
523
524
524
525
526
527
528
529
530
531
531
531
532
532
533
534
535
536
537
538
539
540
540
541
541
541
542
543
543
544
545
546
546
547
547
547
548
549
550
550
551
552
552
553
554
554
555
556
557
558
558
559
560
561
562
563
563
564
565
566
566
567
568
569
570
570
570
571
571
572
572
573
573
574
575
576
577
578
579
580
581
582
583
584
585
586
586
587
587
588
589
590
590
591
592
592
592
593
593
594
594
595
595
596
596
596
596
597
598
598
599
600
600
600
601
602
602
602
602
603
604
605
605
605
606
606
606
607
608
608
609
610
611
611
612
613
614
615
616
617
617
617
617
617
617
617
617
617
617
617
617
618
619
619
619
620
620
620
620
620
620
620
620
620
621
622
623
624
625
626
626
626
627
627
627
627
627
627
628
628
629
629
630
631
632
633
634
635
635
636
637
638
638
638
639
640
641
642
643
644
645
646
647
647
648
649
650
651
652
653
654
654
655
655
655
655
655
656
656
656
656
657
657
657
658
658
658
658
658
659
660
660
660
661
661
661
661
662
663
664
664
664
664
664
664
665
666
667
667
667
667
668
669
670
671
672
673
674
674
674
675
676
677
678
679
680
680
680
680
681
681
682
683
683
684
684
685
686
687
687
688
688
688
689
690
690
690
691
692
693
693
694
695
696
697
697
697
697
698
699
699
699
699
700
701
702
703
704
705
706
707
707
707
708
708
709
710
710
711
712
712
713
714
714
715
715
716
717
717
718
719
719
720
720
721
721
721
722
723
724
725
726
727
728
728
728
729
730
731
732
733
734
734
735
735
735
736
736
737
738
738
739
739
739
740
741
742
743
744
744
744
745
745
746
746
746
747
747
747
747
747
747
747
748
749
749
749
750
751
751
751
752
752
753
753
754
755
755
756
756
757
757
758
759
760
760
760
760
761
761
761
762
763
764
764
764
764
765
766
766
766
767
768
768
769
769
769
769
770
770
770
771
772
773
774
774
775
776
777
778
779
779
779
779
780
781
781
782
783
783
783
784
784
785
786
787
787
787
787
787
787
787
788
788
789
790
790
791
792
792
792
792
792
793
793
793
793
794
794
794
794
795
795
795
796
797
797
797
798
798
799
799
799
799
800
801
802
803
803
803
803
804
805
805
806
807
808
808
808
808
808
808
809
809
809
809
809
810
811
812
813
814
815
815
815
816
817
817
818
819
820
821
821
821
822
823
823
824
825
826
827
827
828
828
828
829
829
830
830
831
831
832
833
834
835
836
837
838
838
838
839
839
839
839
839
839
839
839
839
839
839
839
840
841
841
841
842
842
842
843
843
843
844
844
845
846
847
847
847
847
848
849
850
851
852
852
852
853
854
854
854
854
854
855
855
855
855
855
855
855
855
855
855
855
855
855
856
857
858
859
859
859
859
860
860
861
862
862
862
863
863
863
863
863
864
864
865
865
866
866
866
866
866
866
866
866
866
866
866
866
867
867
867
868
868
868
868
868
868
868
868
868
869
869
869
870
870
871
872
872
873
873
873
874
874
874
874
874
874
875
875
875
875
875
875
876
877
878
879
879
879
879
879
880
881
881
881
881
882
883
883
884
885
885
885
885
885
886
887
887
888
889
890
890
890
890
891
891
891
892
892
892
893
893
893
893
894
894
894
894
895
896
896
896
896
896
897
897
897
898
898
898
899
899
900
900
900
900
900
900
900
900
900
900
901
902
903
903
903
903
903
903
903
903
904
904
904
905
905
905
905
905
905
906
906
906
906
907
908
908
908
909
910
911
911
911
912
912
913
914
915
916
916
916
916
917
917
918
918
918
918
918
918
918
919
919
919
920
920
921
921
921
921
921
922
923
923
924
925
925
925
925
925
925
926
927
928
928
929
930
931
931
931
931
932
932
933
933
933
933
934
934
935
935
936
937
938
939
940
940
941
942
943
943
944
944
945
945
945
945
945
945
946
946
946
947
948
949
949
949
950
950
950
950
950
950
950
950
950
950
950
950
950
950
950
950
950
951
951
951
951
951
951
952
953
953
954
955
956
956
957
957
957
958
958
958
958
959
959
959
959
959
959
959
959
960
960
961
961
962
963
964
964
965
965
965
966
966
966
967
967
967
968
969
970
970
971
971
972
973
974
975
976
977
978
978
979
980
980
981
981
982
982
982
982
983
984
985
